-6.993532180786132812e-01 1.360005736351013184e-01 7.104283571243286133e-01 -7.519270181655883789e-01
-5.109286904335021973e-01 -2.641606926918029785e-01 4.610476493835449219e-01 -5.379936099052429199e-01
-1.782567352056503296e-01 7.056300640106201172e-01 6.224384307861328125e-01 -4.113463759422302246e-01
-4.392180442810058594e-01 -2.042211890220642090e-01 1.865220367908477783e-01 -1.541776955127716064e-02
-5.330497026443481445e-01 1.323761940002441406e-01 1.237137913703918457e-01 -4.730146825313568115e-01
-2.585985139012336731e-02 9.989843517541885376e-02 3.218671679496765137e-01 -3.647164404392242432e-01
-4.528702199459075928e-01 7.366164028644561768e-02 1.633246541023254395e-01 -4.715639650821685791e-01
-1.030410379171371460e-01 2.933042347431182861e-01 2.415978610515594482e-01 -1.739802062511444092e-01
-3.591984510421752930e-01 -2.847248613834381104e-01 4.483997225761413574e-01 -3.071651458740234375e-01
-2.918818593025207520e-01 -2.406399399042129517e-01 4.380857944488525391e-01 -1.978259533643722534e-01
6.724201887845993042e-02 -3.889034315943717957e-02 -5.504100769758224487e-02 -5.410135164856910706e-02
-5.222296714782714844e-01 -4.696841165423393250e-02 7.527559995651245117e-02 -1.203216761350631714e-01
-1.090505067259073257e-02 1.790269464254379272e-01 3.223692476749420166e-01 -4.368853569030761719e-01
-1.374834030866622925e-01 -8.380934596061706543e-03 4.394757151603698730e-01 -3.065707907080650330e-02
-1.384096890687942505e-01 -1.256278753280639648e-01 1.229383945465087891e-01 -3.129805624485015869e-01
-3.987093269824981689e-01 -3.065134882926940918e-01 1.131345331668853760e-02 -2.854119837284088135e-01
-3.568550050258636475e-01 -3.054026365280151367e-01 1.520933955907821655e-01 -1.471002846956253052e-01
-4.135356247425079346e-01 -3.119824528694152832e-01 4.768253862857818604e-01 4.462084546685218811e-02
-3.484543859958648682e-01 -1.100624874234199524e-01 1.173337027430534363e-01 -3.968601226806640625e-01
-4.608518481254577637e-01 -1.550640016794204712e-01 5.477744936943054199e-01 -4.406062960624694824e-01
-3.270028531551361084e-01 -2.720064222812652588e-01 6.481542587280273438e-01 -5.050056576728820801e-01
-2.123813480138778687e-01 -1.800559312105178833e-01 2.919461727142333984e-01 1.251967549324035645e-01
-3.705148398876190186e-02 -5.188143346458673477e-03 -1.024863496422767639e-01 -2.001690864562988281e-01
-1.067752465605735779e-01 -2.400495260953903198e-01 -3.443679213523864746e-02 -3.049645125865936279e-01
-1.566008478403091431e-01 2.043054252862930298e-01 5.028875470161437988e-01 -4.772761464118957520e-01
-1.647881716489791870e-01 -3.730883300304412842e-01 6.736969947814941406e-01 -6.191765069961547852e-01
-3.469939231872558594e-01 -1.038426682353019714e-01 2.086901478469371796e-02 1.619942486286163330e-01
-3.373017609119415283e-01 -3.704394102096557617e-01 5.372214317321777344e-01 -1.984974443912506104e-01
-4.521747827529907227e-01 -2.040206491947174072e-01 1.296948641538619995e-01 1.486016437411308289e-02
-6.552395224571228027e-02 -2.678263783454895020e-01 2.625159919261932373e-01 -3.288394510746002197e-01
-3.622164428234100342e-01 8.840872347354888916e-02 3.775900304317474365e-01 -3.150934875011444092e-01
-3.679417073726654053e-01 -1.843681931495666504e-01 -2.798942849040031433e-02 -2.132317423820495605e-01
-3.342087566852569580e-01 -1.441474724560976028e-02 3.655474632978439331e-02 -9.235937148332595825e-03
-1.944602131843566895e-01 3.181976079940795898e-01 -1.416034251451492310e-02 -2.415847331285476685e-01
-2.038383483886718750e-02 -9.071049094200134277e-02 -4.570944979786872864e-02 -2.862072288990020752e-01
-3.320047855377197266e-01 -1.118563488125801086e-01 3.678717017173767090e-01 4.746795818209648132e-02
-3.729747235774993896e-01 -1.069622412323951721e-01 7.933372631669044495e-03 1.232795715332031250e-01
-2.788746058940887451e-01 -2.244103886187076569e-02 2.313917428255081177e-01 -3.481557071208953857e-01
-3.832527995109558105e-01 1.001264229416847229e-01 -5.140992254018783569e-02 9.623038768768310547e-02
1.060286685824394226e-01 -2.231036424636840820e-01 -8.202826604247093201e-03 1.490104794502258301e-01
-4.885375201702117920e-01 -1.609490215778350830e-01 3.606246411800384521e-01 -2.807132899761199951e-01
-1.530744880437850952e-01 2.087113559246063232e-01 1.103074550628662109e-01 -2.822060883045196533e-01
-1.340322494506835938e-01 7.001198083162307739e-02 -6.651044636964797974e-02 8.119310438632965088e-02
-4.815889596939086914e-01 -1.702869683504104614e-01 2.944891154766082764e-01 -3.212024569511413574e-01
-3.081189468502998352e-02 -2.033869475126266479e-01 3.407168090343475342e-01 1.712948456406593323e-02
-2.868438363075256348e-01 5.077201500535011292e-02 2.672768235206604004e-01 -3.585066795349121094e-01
-5.085035562515258789e-01 3.762400150299072266e-02 3.405129611492156982e-01 -3.917706385254859924e-02
1.080146208405494690e-01 -2.705993056297302246e-01 2.794398367404937744e-01 -2.489487379789352417e-01
-8.669801801443099976e-02 -1.426937729120254517e-01 3.118436932563781738e-01 -1.147267147898674011e-01
7.705768197774887085e-02 1.352842003107070923e-01 8.817797526717185974e-03 -2.085553258657455444e-01
-4.094404578208923340e-01 1.631609648466110229e-01 -6.842264533042907715e-02 -1.914736926555633545e-01
-1.748377457261085510e-02 2.330484390258789062e-01 4.442366063594818115e-01 -4.429354667663574219e-01
-1.298943161964416504e-01 -2.393717616796493530e-01 6.493265181779861450e-02 9.379582852125167847e-02
8.344453573226928711e-02 6.919093430042266846e-02 -7.613972574472427368e-02 -6.260962039232254028e-02
-4.750055670738220215e-01 6.659873574972152710e-02 3.626335561275482178e-01 -1.987597048282623291e-01
1.026130542159080505e-01 -3.019370436668395996e-01 3.145275712013244629e-01 -1.566619724035263062e-01
-1.488655954599380493e-01 -5.274204909801483154e-02 3.610259294509887695e-01 -2.956123054027557373e-01
-2.264725863933563232e-01 6.126570701599121094e-02 2.391078472137451172e-01 -1.258435249328613281e-01
-4.978052079677581787e-01 -1.309986263513565063e-01 7.478533685207366943e-02 4.098692908883094788e-02
-9.066196531057357788e-02 -2.075330615043640137e-01 4.198444187641143799e-01 1.796725094318389893e-01
-3.379215300083160400e-02 2.244938760995864868e-01 2.253823578357696533e-01 -1.805113279260694981e-03
-1.526375561952590942e-01 1.095434091985225677e-02 1.603366993367671967e-02 -1.001222878694534302e-01
-3.990709409117698669e-02 8.116731792688369751e-02 3.530334234237670898e-01 1.366846263408660889e-01
-3.358889520168304443e-01 -3.495303094387054443e-01 2.089786678552627563e-01 -4.299022257328033447e-02
-3.235112428665161133e-01 -2.601373791694641113e-01 2.062499076128005981e-01 -2.105164378881454468e-01
-2.958268225193023682e-01 1.571587920188903809e-01 -3.350529354065656662e-03 -2.919718921184539795e-01
6.248310208320617676e-02 -2.002458721399307251e-01 1.788648366928100586e-01 1.480284631252288818e-01
1.505022197961807251e-01 -2.421341836452484131e-01 2.307257801294326782e-01 1.725239157676696777e-01
1.199443340301513672e-01 2.136719822883605957e-01 5.586985126137733459e-02 -2.095846533775329590e-01
-3.441285192966461182e-01 -2.400439381599426270e-01 4.108719229698181152e-01 -1.996089965105056763e-01
2.280045747756958008e-01 2.689059376716613770e-01 1.299934387207031250e-01 2.617978863418102264e-02
-7.445847988128662109e-02 1.538816392421722412e-01 1.105852723121643066e-01 -2.351367473602294922e-01
-2.703140974044799805e-01 -1.659970283508300781e-01 1.927745640277862549e-01 -9.429704397916793823e-03
-8.961679786443710327e-02 7.211784273386001587e-02 1.086143851280212402e-01 1.705453991889953613e-01
1.955628991127014160e-01 -6.300176680088043213e-02 2.571918442845344543e-02 -1.556201875209808350e-01
-7.231511175632476807e-02 1.351068168878555298e-01 2.783228158950805664e-01 -5.161645263433456421e-02
