-7.328377962112426758e-01 -3.118603229522705078e-01 4.936637580394744873e-01 -8.515343666076660156e-01 2.993820011615753174e-01 -5.513861775398254395e-01 2.987230718135833740e-01 -8.746742606163024902e-01
-6.323234438896179199e-01 -6.238462924957275391e-01 2.662394344806671143e-01 2.137134075164794922e-01 3.440566062927246094e-01 -7.917969822883605957e-01 4.808626770973205566e-01 -4.307736158370971680e-01
-5.700518488883972168e-01 -1.503816694021224976e-01 -1.293808519840240479e-01 -7.196771502494812012e-01 6.043158173561096191e-01 -1.253581196069717407e-01 5.493570566177368164e-01 3.124517500400543213e-01
-4.090679287910461426e-01 3.138038814067840576e-01 -3.231506943702697754e-01 7.905010581016540527e-01 2.180220633745193481e-01 5.016668438911437988e-01 -4.011947512626647949e-01 6.379283666610717773e-01
-7.452108711004257202e-02 -6.383160352706909180e-01 1.708799153566360474e-01 4.308869242668151855e-01 -3.672782704234123230e-02 -7.992237210273742676e-01 -3.910163640975952148e-01 -5.048741102218627930e-01
-7.303753495216369629e-01 -1.820964813232421875e-01 -3.083710074424743652e-01 2.321286648511886597e-01 -1.313147395849227905e-01 -5.310071110725402832e-01 6.329151801764965057e-03 -3.833070099353790283e-01
3.245184123516082764e-01 -2.790299057960510254e-01 5.143938064575195312e-01 -2.855301499366760254e-01 -1.328217983245849609e-01 -5.293629169464111328e-01 3.894913196563720703e-01 -5.904905796051025391e-01
-3.894984722137451172e-01 -2.626654505729675293e-01 4.155855998396873474e-02 -4.851212352514266968e-02 3.808648586273193359e-01 -2.357067018747329712e-01 -4.001668095588684082e-01 -6.054062247276306152e-01
2.140309363603591919e-01 -1.474980711936950684e-01 2.936671376228332520e-01 3.547280728816986084e-01 5.643160939216613770e-01 4.139982759952545166e-01 5.478173494338989258e-01 -6.256494522094726562e-01
-7.076883316040039062e-01 5.480413436889648438e-01 -4.027279615402221680e-01 5.621878057718276978e-02 -2.011367678642272949e-01 -1.623389720916748047e-01 -1.951995119452476501e-02 8.275622874498367310e-02
